6.6743e-11 1000 1000
973
2 6
0 0
3505
6 4
0 0
27497
6 8
0 0
10931
6 0
0 0
23419
5 8
0 0
19396
5 1
0 0
4914
3 6
0 0
21235
0 8
0 0
29439
4 6
0 0
1030
0 2
0 0
17058
3 8
0 0
21489
9 7
0 0
31817
0 4
0 0
19219
6 0
0 0
10362
3 2
0 0
24022
9 3
0 0
27078
7 9
0 0
6025
1 6
0 0
10357
3 7
0 0
24964
6 9
0 0
11690
0 9
0 0
9472
4 0
0 0
15027
3 7
0 0
4138
3 7
0 0
5245
6 0
0 0
30540
4 6
0 0
25701
5 8
0 0
12587
3 2
0 0
1764
8 7
0 0
31217
9 1
0 0
13754
2 7
0 0
27185
0 3
0 0
16048
5 4
0 0
30695
6 4
0 0
30985
1 1
0 0
21900
1 1
0 0
15147
6 4
0 0
26511
9 4
0 0
32574
9 7
0 0
719
4 7
0 0
161
1 3
0 0
18164
2 8
0 0
13705
0 5
0 0
15789
6 0
0 0
28462
3 5
0 0
1093
7 7
0 0
28741
4 6
0 0
14096
4 2
0 0
15558
8 4
0 0
11922
8 2
0 0
5926
0 4
0 0
27770
7 4
0 0
24201
5 9
0 0
27334
0 4
0 0
7846
7 3
0 0
27041
4 0
0 0
27976
9 4
0 0
26852
8 5
0 0
31409
7 4
0 0
16453
0 8
0 0
20818
9 2
0 0
21893
7 0
0 0
30350
5 3
0 0
21075
8 9
0 0
16771
2 8
0 0
914
7 9
0 0
7696
1 6
0 0
19007
1 8
0 0
24975
8 8
0 0
19005
1 1
0 0
9213
6 0
0 0
23965
4 2
0 0
2954
8 5
0 0
21317
3 2
0 0
29118
1 0
0 0
13825
2 3
0 0
4283
9 1
0 0
21865
5 7
0 0
19528
7 0
0 0
7193
8 1
0 0
32162
6 6
0 0
30508
6 9
0 0
14922
0 4
0 0
16648
8 1
0 0
11591
8 5
0 0
21963
2 7
0 0
6039
3 4
0 0
16900
6 7
0 0
14276
1 1
0 0
27772
9 4
0 0
469
7 8
0 0
16946
6 4
0 0
2069
5 7
0 0
22504
6 0
0 0
2662
9 9
0 0
14017
4 2
0 0
9502
9 6
0 0
12778
0 8
0 0
22935
7 6
0 0
16709
1 9
0 0
31229
9 7
0 0
392
7 9
0 0
12038
4 6
0 0
13397
3 3
0 0
10641
4 5
0 0
31537
4 5
0 0
27480
7 3
0 0
7783
2 9
0 0
14666
5 2
0 0
3384
0 5
0 0
3868
4 7
0 0
30442
6 2
0 0
7986
2 1
0 0
29840
1 1
0 0
23289
0 5
0 0
18852
7 4
0 0
32571
0 5
0 0
21961
3 0
0 0
32030
2 5
0 0
31822
8 4
0 0
9163
5 2
0 0
5706
3 3
0 0
30699
4 0
0 0
2669
8 7
0 0
32133
3 0
0 0
29136
8 6
0 0
11739
3 7
0 0
21362
3 4
0 0
13913
2 1
0 0
2087
5 5
0 0
16052
0 3
0 0
22293
4 7
0 0
9165
4 3
0 0
24358
5 2
0 0
8690
6 1
0 0
31726
7 4
0 0
9357
0 3
0 0
5360
0 2
0 0
10864
8 5
0 0
15444
0 1
0 0
13617
5 8
0 0
15976
2 9
0 0
24408
0 6
0 0
21882
6 8
0 0
18509
1 1
0 0
11765
7 8
0 0
22092
8 1
0 0
21703
1 3
0 0
11710
0 1
0 0
7799
8 6
0 0
31444
9 5
0 0
8053
0 9
0 0
5427
2 1
0 0
32392
6 3
0 0
28426
0 3
0 0
20588
3 3
0 0
30713
1 9
0 0
22519
3 1
0 0
29060
5 5
0 0
2143
8 6
0 0
30219
5 4
0 0
3969
6 1
0 0
29826
4 9
0 0
3112
9 4
0 0
29273
3 7
0 0
30929
8 7
0 0
21080
0 2
0 0
19809
2 3
0 0
31319
3 7
0 0
31418
9 4
0 0
19229
5 0
0 0
14659
4 5
0 0
17609
4 2
0 0
16307
4 2
0 0
14228
5 7
0 0
27074
8 3
0 0
21453
6 3
0 0
11922
1 0
0 0
7514
7 9
0 0
5352
5 1
0 0
1576
1 7
0 0
10124
6 7
0 0
4176
6 6
0 0
22129
3 6
0 0
9173
7 7
0 0
16749
5 8
0 0
3403
9 3
0 0
12200
9 7
0 0
12747
6 8
0 0
787
7 6
0 0
14841
7 4
0 0
22912
5 7
0 0
6413
7 6
0 0
21808
2 5
0 0
13846
0 1
0 0
17653
4 3
0 0
27895
3 0
0 0
10304
0 7
0 0
27088
7 3
0 0
26021
1 4
0 0
23751
5 2
0 0
2759
3 0
0 0
32119
7 2
0 0
8874
5 6
0 0
7274
7 9
0 0
11215
4 6
0 0
26216
3 4
0 0
2489
4 2
0 0
20616
8 0
0 0
1441
7 1
0 0
13627
5 5
0 0
8320
1 0
0 0
18897
2 5
0 0
11458
6 8
0 0
4394
5 2
0 0
28731
8 4
0 0
7049
7 3
0 0
32560
1 8
0 0
3268
3 4
0 0
10136
5 9
0 0
22865
0 7
0 0
12254
4 0
0 0
16339
5 4
0 0
28364
6 3
0 0
2103
8 0
0 0
27244
3 8
0 0
21130
6 3
0 0
18934
3 2
0 0
3841
7 2
0 0
2858
7 1
0 0
26098
4 0
0 0
9651
5 6
0 0
12725
3 1
0 0
10063
2 3
0 0
1430
2 6
0 0
27137
4 0
0 0
25708
0 7
0 0
24950
0 0
0 0
3693
0 4
0 0
12120
0 2
0 0
343
1 6
0 0
18009
9 8
0 0
14087
7 1
0 0
29190
3 4
0 0
11793
1 7
0 0
11728
4 8
0 0
9467
2 1
0 0
24523
3 3
0 0
31783
9 3
0 0
23563
4 5
0 0
15248
5 3
0 0
7092
6 4
0 0
4324
6 6
0 0
24334
0 3
0 0
4009
7 2
0 0
5180
1 6
0 0
24673
4 0
0 0
25709
8 7
0 0
11509
2 0
0 0
18336
5 2
0 0
18381
8 8
0 0
841
7 2
0 0
6231
9 6
0 0
4738
2 9
0 0
4857
6 1
0 0
13963
6 6
0 0
15251
9 8
0 0
25793
2 3
0 0
14630
6 3
0 0
862
2 7
0 0
9786
2 7
0 0
30871
0 7
0 0
23826
8 8
0 0
2034
2 7
0 0
20439
5 2
0 0
26611
6 5
0 0
23615
3 8
0 0
28270
2 4
0 0
18266
1 0
0 0
15384
5 8
0 0
31110
2 7
0 0
53
2 8
0 0
31684
9 5
0 0
21366
6 3
0 0
28380
8 9
0 0
21853
4 8
0 0
2579
4 5
0 0
14791
8 0
0 0
29283
3 4
0 0
23660
1 1
0 0
15472
6 4
0 0
20077
1 4
0 0
31412
9 2
0 0
13908
8 4
0 0
9878
7 5
0 0
21771
9 6
0 0
20074
3 4
0 0
8881
0 6
0 0
2949
2 4
0 0
19554
8 7
0 0
10993
1 8
0 0
30785
7 8
0 0
30824
0 3
0 0
10093
2 7
0 0
3728
0 1
0 0
26019
8 5
0 0
16578
1 2
0 0
17598
1 3
0 0
29109
5 5
0 0
30292
3 7
0 0
18399
7 4
0 0
16410
8 0
0 0
31615
6 2
0 0
6118
9 2
0 0
17274
1 2
0 0
31316
9 9
0 0
32145
0 4
0 0
7042
7 2
0 0
25514
3 4
0 0
29542
9 3
0 0
17173
0 1
0 0
28575
2 3
0 0
3090
4 1
0 0
21205
3 5
0 0
32525
7 7
0 0
3587
1 4
0 0
2632
4 0
0 0
14917
5 0
0 0
26081
7 0
0 0
23034
1 1
0 0
30085
0 7
0 0
15963
8 6
0 0
15910
8 6
0 0
27350
2 0
0 0
9101
8 8
0 0
8658
6 7
0 0
29867
8 2
0 0
32422
4 2
0 0
24289
7 3
0 0
12000
5 8
0 0
32713
6 5
0 0
4410
9 8
0 0
18979
2 0
0 0
19147
3 5
0 0
7659
4 7
0 0
21334
9 4
0 0
7369
8 6
0 0
8134
6 7
0 0
15194
0 5
0 0
32308
0 6
0 0
9477
6 5
0 0
30993
6 8
0 0
2894
1 2
0 0
16192
0 8
0 0
15091
2 2
0 0
11599
4 8
0 0
8242
1 8
0 0
14350
7 8
0 0
4355
5 7
0 0
13097
2 1
0 0
3894
1 3
0 0
20127
7 6
0 0
3497
3 8
0 0
15396
8 0
0 0
27418
5 1
0 0
18901
9 1
0 0
6723
7 9
0 0
29120
4 9
0 0
8761
9 3
0 0
30258
4 2
0 0
4939
5 0
0 0
12497
0 0
0 0
3028
9 6
0 0
20184
2 2
0 0
17853
6 1
0 0
24353
5 7
0 0
12447
8 9
0 0
26301
1 9
0 0
9673
2 2
0 0
14149
8 9
0 0
6801
7 5
0 0
3629
3 1
0 0
10940
4 1
0 0
9918
7 8
0 0
14311
3 1
0 0
28805
3 7
0 0
31787
6 7
0 0
6740
4 5
0 0
7545
5 3
0 0
9774
5 7
0 0
23650
4 2
0 0
21679
1 1
0 0
13377
8 7
0 0
30423
2 3
0 0
31755
6 7
0 0
11063
5 2
0 0
7720
5 8
0 0
18421
6 6
0 0
8994
8 6
0 0
17708
9 8
0 0
24083
8 6
0 0
29567
0 6
0 0
23320
4 1
0 0
14600
3 8
0 0
3885
3 6
0 0
742
1 0
0 0
1605
9 4
0 0
9236
4 0
0 0
14198
8 9
0 0
2643
8 9
0 0
4243
9 6
0 0
6216
1 2
0 0
396
1 7
0 0
8228
4 4
0 0
9575
9 5
0 0
31848
6 9
0 0
27064
2 1
0 0
11432
2 0
0 0
5843
1 4
0 0
14940
8 7
0 0
10811
6 9
0 0
3609
3 9
0 0
25082
8 4
0 0
22478
9 4
0 0
29402
6 4
0 0
19673
3 4
0 0
31939
4 2
0 0
21769
0 8
0 0
14247
9 2
0 0
23536
5 6
0 0
22720
1 3
0 0
28177
0 6
0 0
8977
2 4
0 0
8646
5 9
0 0
18272
0 9
0 0
6654
9 4
0 0
30510
5 4
0 0
17692
8 3
0 0
11091
0 0
0 0
25757
5 8
0 0
27207
6 5
0 0
31312
2 6
0 0
9022
7 2
0 0
32329
2 3
0 0
19108
2 2
0 0
19665
6 6
0 0
6559
3 5
0 0
7685
6 2
0 0
30105
5 9
0 0
8416
5 0
0 0
26114
7 8
0 0
4574
7 0
0 0
28112
1 6
0 0
27016
1 7
0 0
27493
8 7
0 0
6527
6 4
0 0
7384
0 6
0 0
20191
4 2
0 0
24551
8 5
0 0
26389
7 1
0 0
3054
4 6
0 0
16509
1 2
0 0
10679
4 6
0 0
25189
0 6
0 0
8203
2 4
0 0
12349
1 7
0 0
32060
4 8
0 0
2602
0 9
0 0
9517
7 9
0 0
28979
5 5
0 0
10368
2 6
0 0
4019
7 6
0 0
13545
0 9
0 0
30444
3 1
0 0
14306
0 2
0 0
2237
4 8
0 0
17457
5 6
0 0
28908
4 0
0 0
24571
8 9
0 0
21390
6 7
0 0
25697
5 5
0 0
32356
4 2
0 0
22736
9 1
0 0
2386
3 6
0 0
912
7 1
0 0
30259
6 6
0 0
5689
6 7
0 0
6841
7 4
0 0
14357
1 3
0 0
32544
9 2
0 0
2449
7 2
0 0
29393
7 8
0 0
25430
7 7
0 0
29781
5 6
0 0
22687
7 5
0 0
15392
1 8
0 0
14296
9 7
0 0
21021
7 8
0 0
13763
3 4
0 0
9221
7 8
0 0
28291
0 7
0 0
9953
5 7
0 0
17763
0 1
0 0
14416
8 1
0 0
14133
5 8
0 0
17504
9 0
0 0
15512
9 3
0 0
15134
4 2
0 0
12426
6 1
0 0
11565
7 9
0 0
9492
2 4
0 0
2298
8 4
0 0
29418
1 9
0 0
31342
6 3
0 0
29270
0 7
0 0
27953
3 7
0 0
31443
7 7
0 0
13779
4 2
0 0
21521
6 3
0 0
117
3 4
0 0
32359
8 3
0 0
25555
9 2
0 0
29144
3 0
0 0
28085
7 3
0 0
31287
6 9
0 0
14894
5 6
0 0
31758
4 9
0 0
14651
7 0
0 0
337
3 5
0 0
16030
1 9
0 0
15885
9 8
0 0
26118
0 3
0 0
7304
0 1
0 0
18911
1 0
0 0
7573
9 1
0 0
5481
9 9
0 0
17667
8 5
0 0
10978
1 2
0 0
13175
3 2
0 0
31972
8 9
0 0
17929
0 8
0 0
26189
3 7
0 0
27009
8 0
0 0
20034
1 5
0 0
4618
0 6
0 0
20021
1 8
0 0
18859
6 9
0 0
28147
8 5
0 0
22256
0 0
0 0
28190
7 8
0 0
27266
7 3
0 0
5035
2 5
0 0
23975
5 1
0 0
1842
4 7
0 0
9429
5 8
0 0
12602
5 6
0 0
233
8 6
0 0
6337
5 4
0 0
32414
4 5
0 0
15278
9 2
0 0
18255
1 3
0 0
12537
7 6
0 0
30515
0 2
0 0
12966
2 8
0 0
27796
8 0
0 0
486
3 7
0 0
8365
7 6
0 0
504
8 7
0 0
26155
6 6
0 0
30379
8 0
0 0
12951
8 6
0 0
6535
2 1
0 0
12036
6 8
0 0
17666
8 3
0 0
474
8 1
0 0
22365
0 4
0 0
26266
9 9
0 0
14065
7 8
0 0
2535
9 0
0 0
8207
3 0
0 0
3904
1 1
0 0
10446
6 4
0 0
29478
5 5
0 0
16722
5 3
0 0
30636
8 0
0 0
30580
0 5
0 0
17055
9 4
0 0
31448
2 1
0 0
7108
9 9
0 0
23238
7 8
0 0
7910
9 8
0 0
18800
0 3
0 0
2215
6 2
0 0
26724
8 6
0 0
22092
0 1
0 0
20573
4 7
0 0
4095
4 0
0 0
15020
5 3
0 0
4675
6 7
0 0
31989
6 3
0 0
22149
9 0
0 0
30708
4 3
0 0
25616
5 6
0 0
16509
5 3
0 0
2516
2 4
0 0
13829
8 2
0 0
5815
5 4
0 0
31812
3 4
0 0
18802
5 5
0 0
30170
1 2
0 0
29219
7 0
0 0
31742
0 4
0 0
3867
4 9
0 0
13209
7 1
0 0
23444
7 4
0 0
6754
8 3
0 0
8784
9 5
0 0
18129
0 3
0 0
32590
1 0
0 0
27654
7 2
0 0
25375
6 3
0 0
3829
2 9
0 0
28543
4 0
0 0
3193
7 9
0 0
30772
7 6
0 0
10265
2 8
0 0
25712
3 3
0 0
27042
8 0
0 0
11296
5 8
0 0
9195
5 1
0 0
2543
5 4
0 0
10584
0 7
0 0
1512
8 0
0 0
755
5 2
0 0
1531
8 9
0 0
1345
0 3
0 0
26833
9 4
0 0
27150
1 7
0 0
9393
9 7
0 0
14575
3 5
0 0
18281
6 1
0 0
20520
5 6
0 0
21878
0 5
0 0
24119
9 1
0 0
13785
8 6
0 0
8249
9 1
0 0
25957
9 0
0 0
21460
8 5
0 0
26473
6 4
0 0
2945
1 7
0 0
8955
1 7
0 0
2621
8 2
0 0
25428
9 0
0 0
2055
8 7
0 0
22272
5 5
0 0
21187
0 3
0 0
31949
1 4
0 0
14158
1 1
0 0
16056
8 2
0 0
3309
6 8
0 0
23120
0 9
0 0
12634
4 0
0 0
29514
2 1
0 0
19991
4 5
0 0
6190
8 2
0 0
28642
1 6
0 0
27247
3 0
0 0
24393
8 4
0 0
21075
3 2
0 0
21974
9 9
0 0
31839
3 2
0 0
11605
4 6
0 0
8537
9 3
0 0
3859
5 9
0 0
6904
1 1
0 0
1843
9 3
0 0
22226
7 3
0 0
17508
4 5
0 0
9776
8 4
0 0
18080
8 3
0 0
1232
8 9
0 0
24509
9 8
0 0
2492
3 9
0 0
16116
8 1
0 0
7353
1 5
0 0
23730
9 3
0 0
4097
1 4
0 0
3651
5 5
0 0
12617
9 0
0 0
24893
9 8
0 0
5690
9 7
0 0
11448
1 9
0 0
10215
3 5
0 0
6832
4 9
0 0
3563
3 3
0 0
22061
5 3
0 0
25901
8 5
0 0
6904
9 9
0 0
30597
6 8
0 0
10766
4 2
0 0
16561
3 0
0 0
12819
0 9
0 0
16985
3 2
0 0
7534
1 4
0 0
19480
9 9
0 0
32723
6 0
0 0
15810
6 8
0 0
7018
1 3
0 0
14685
7 9
0 0
14804
8 0
0 0
1933
6 6
0 0
28605
4 6
0 0
27741
7 7
0 0
25019
4 5
0 0
9132
9 8
0 0
22436
4 5
0 0
935
3 7
0 0
26544
2 3
0 0
10522
4 1
0 0
21748
6 8
0 0
25729
4 8
0 0
29981
7 4
0 0
12305
5 0
0 0
8056
6 5
0 0
5693
5 1
0 0
23463
9 7
0 0
28010
4 2
0 0
20624
5 5
0 0
30909
9 6
0 0
25708
1 4
0 0
10068
1 2
0 0
9479
0 0
0 0
8772
1 0
0 0
31615
9 4
0 0
28472
9 6
0 0
28979
5 7
0 0
28799
3 4
0 0
29601
9 4
0 0
19691
3 0
0 0
9043
3 9
0 0
6355
1 8
0 0
24128
4 9
0 0
18197
5 8
0 0
28708
1 4
0 0
17384
0 3
0 0
13236
2 1
0 0
29920
5 1
0 0
1476
0 1
0 0
117
9 0
0 0
18359
7 9
0 0
1252
6 2
0 0
24780
7 2
0 0
6477
8 7
0 0
17958
2 2
0 0
25938
4 7
0 0
8104
6 2
0 0
6826
0 4
0 0
13302
0 8
0 0
31072
1 7
0 0
28728
5 8
0 0
4792
6 1
0 0
12408
7 5
0 0
2036
8 8
0 0
29612
8 2
0 0
22884
0 4
0 0
29393
5 8
0 0
20371
0 6
0 0
13468
6 3
0 0
27494
4 9
0 0
16307
0 9
0 0
27531
2 3
0 0
2918
0 5
0 0
9356
8 9
0 0
21344
4 1
0 0
30302
2 7
0 0
3276
7 4
0 0
25929
4 9
0 0
31712
7 1
0 0
5490
1 0
0 0
24269
4 1
0 0
28541
2 9
0 0
24449
3 0
0 0
23030
4 8
0 0
4035
6 3
0 0
1669
6 9
0 0
11151
0 2
0 0
8983
7 4
0 0
19390
2 6
0 0
7813
5 6
0 0
10069
7 3
0 0
28004
9 6
0 0
3103
8 2
0 0
9973
2 9
0 0
26451
2 2
0 0
15229
2 2
0 0
7543
3 4
0 0
15465
9 8
0 0
7360
4 0
0 0
1026
7 2
0 0
6048
7 8
0 0
19877
7 6
0 0
15682
9 7
0 0
20666
9 7
0 0
9245
1 5
0 0
32736
0 5
0 0
32492
1 8
0 0
31490
1 1
0 0
11950
9 7
0 0
24151
2 4
0 0
25720
8 9
0 0
12665
9 8
0 0
23607
9 3
0 0
8469
4 5
0 0
21957
8 5
0 0
13033
8 9
0 0
25554
5 0
0 0
5889
5 2
0 0
146
9 9
0 0
27255
2 0
0 0
9778
6 3
0 0
32552
8 1
0 0
32124
5 1
0 0
22798
9 5
0 0
7994
3 2
0 0
23883
1 9
0 0
30005
8 2
0 0
30728
3 3
0 0
3550
0 4
0 0
5547
1 4
0 0
16902
2 8
0 0
286
2 2
0 0
28216
1 8
0 0
23571
7 2
0 0
18823
2 8
0 0
18321
4 2
0 0
8685
8 1
0 0
16935
3 8
0 0
2716
1 7
0 0
3737
9 2
0 0
25282
2 7
0 0
28907
3 1
0 0
7090
8 2
0 0
2317
4 1
0 0
23417
6 3
0 0
22934
0 2
0 0
5435
6 4
0 0
28244
5 8
0 0
753
2 4
0 0
27032
2 6
0 0
9318
2 4
0 0
20619
2 8
0 0
5501
6 9
0 0
3561
6 2
0 0
16931
0 5
0 0
8182
5 5
0 0
18564
4 9
0 0
4499
2 7
0 0
19030
8 6
0 0
1964
0 5
0 0
5209
1 6
0 0
9090
5 4
0 0
28506
6 4
0 0
3966
6 6
0 0
12380
8 2
0 0
3978
0 6
0 0
17848
3 6
0 0
12071
9 0
0 0
7505
2 5
0 0
30392
4 2
0 0
25640
2 2
0 0
16058
2 5
0 0
23039
4 1
0 0
4829
2 6
0 0
21448
1 8
0 0
28743
8 7
0 0
7692
8 8
0 0
20824
4 3
0 0
19610
0 5
0 0
16079
3 9
0 0
14103
1 3
0 0
20771
8 4
0 0
31299
7 8
0 0
32361
5 6
0 0
25623
7 6
0 0
4129
2 8
0 0
17666
2 4
0 0
31157
8 8
0 0
19186
3 1
0 0
21413
4 3
0 0
23278
4 5
0 0
18561
4 2
0 0
25697
2 5
0 0
6213
8 5
0 0
30068
0 9
0 0
19386
5 1
0 0
31235
3 7
0 0
5344
9 4
0 0
5903
2 6
0 0
31381
4 4
0 0
4798
6 1
0 0
7405
5 8
0 0
15688
5 8
0 0
27901
1 5
0 0
26973
4 6
0 0
28165
0 0
0 0
17136
3 0
0 0
20286
5 9
0 0
18791
6 4
0 0
13491
3 5
0 0
28316
2 7
0 0
10994
5 6
0 0
28221
0 8
0 0
21626
2 1
0 0
26977
0 6
0 0
12588
6 0
0 0
16503
0 0
0 0
16167
9 8
0 0
6609
4 8
0 0
29154
8 2
0 0
3455
2 0
0 0
26457
4 6
0 0
7989
4 4
0 0
11424
1 3
0 0
5485
8 1
0 0
6733
3 0
0 0
26892
6 0
0 0
9834
9 4
0 0
2853
1 1
0 0
19694
8 1
0 0
9922
1 2
0 0
12529
9 7
0 0
25263
2 6
0 0
10268
1 9
0 0
2996
4 1
0 0
20218
8 4
0 0
2518
7 3
0 0
24635
9 4
0 0
9060
7 6
0 0
8714
1 9
0 0
26371
4 7
0 0
9215
6 8
0 0
12792
9 0
0 0
3414
9 6
0 0
14938
5 5
0 0
11893
1 9
0 0
23801
0 9
0 0
14825
7 5
0 0
15638
4 2
0 0
18517
8 1
0 0
6216
2 0
0 0
26646
5 2
0 0
6945
5 3
0 0
17542
9 7
0 0
4963
5 7
0 0
14880
9 8
0 0
8951
5 7
0 0
17394
8 2
0 0
8921
3 9
0 0
25639
2 1
0 0
18363
0 3
0 0
19596
2 8
0 0
25099
6 7
0 0
27989
1 9
0 0
20890
4 8
0 0
32670
0 1
0 0
2341
5 4
0 0
28234
7 6
0 0
22623
3 5
0 0
31574
0 6
0 0
13147
5 1
0 0
30916
2 9
0 0
25687
4 2
0 0
13203
4 2
0 0
4454
7 1
0 0
5266
5 3
0 0
20839
2 2
0 0
19948
4 0
0 0
17473
5 8
0 0
32186
1 1
0 0
20587
1 2
0 0
19713
9 1
0 0
23584
1 0
0 0
4072
7 8
0 0
8912
4 9
0 0
5894
8 1
0 0
14257
5 1
0 0
2841
6 0
0 0
27764
5 5
0 0
9100
0 9
0 0
16278
3 4
0 0
7560
2 6
0 0
14269
6 7
0 0
23697
7 5
0 0
14881
5 4
0 0
24281
6 0
0 0
2039
3 9
0 0
32458
2 7
0 0
13137
8 0
0 0
10372
6 3
0 0
5619
9 6
0 0
