6.6743e-11 1000 10
10148
7 0
0 0
20263
1 7
0 0
20452
1 7
0 0
2169
7 3
0 0
10446
9 8
0 0
24221
7 9
0 0
368
0 8
0 0
20111
1 9
0 0
4085
4 3
0 0
4353
8 9
0 0
6698
0 8
0 0
23137
2 1
0 0
1091
7 1
0 0
20096
0 6
0 0
23388
8 7
0 0
1051
5 8
0 0
15960
7 2
0 0
20197
5 3
0 0
820
0 2
0 0
1777
7 9
0 0
28658
4 5
0 0
14973
2 4
0 0
9617
4 4
0 0
13212
1 3
0 0
16608
5 5
0 0
3373
8 2
0 0
2058
8 8
0 0
19223
5 2
0 0
3368
7 3
0 0
6097
9 8
0 0
19775
5 7
0 0
32150
1 2
0 0
20598
3 8
0 0
15318
8 9
0 0
31588
2 1
0 0
18887
3 7
0 0
27335
6 8
0 0
15642
7 3
0 0
10762
6 7
0 0
14412
1 2
0 0
10838
4 8
0 0
17923
8 9
0 0
25391
7 1
0 0
12151
5 6
0 0
18119
0 8
0 0
31197
9 1
0 0
904
2 3
0 0
23367
6 0
0 0
14738
4 9
0 0
12665
5 8
0 0
9742
5 7
0 0
26018
7 2
0 0
8113
2 2
0 0
15874
3 1
0 0
26310
4 8
0 0
31444
2 5
0 0
4236
4 7
0 0
20002
6 3
0 0
2260
2 2
0 0
22088
7 5
0 0
5668
0 0
0 0
20821
9 5
0 0
19394
3 4
0 0
21381
9 7
0 0
12926
0 0
0 0
30091
6 2
0 0
31757
8 0
0 0
16235
3 9
0 0
7762
6 5
0 0
6916
2 0
0 0
2801
6 5
0 0
26030
4 2
0 0
11508
3 0
0 0
23144
6 9
0 0
14709
6 5
0 0
5778
8 8
0 0
385
6 5
0 0
31013
9 9
0 0
8888
5 6
0 0
8423
2 3
0 0
334
1 1
0 0
26638
4 1
0 0
12669
3 4
0 0
31815
4 9
0 0
12173
7 0
0 0
10288
2 6
0 0
19700
3 3
0 0
8078
9 3
0 0
24129
1 5
0 0
12790
4 4
0 0
18635
5 8
0 0
16282
1 7
0 0
24675
0 7
0 0
14975
0 2
0 0
25716
8 7
0 0
29252
6 3
0 0
10580
6 7
0 0
29502
8 1
0 0
26040
9 6
0 0
29086
5 0
0 0
1414
4 1
0 0
8147
1 4
0 0
6780
9 7
0 0
31598
5 5
0 0
22629
9 7
0 0
7721
5 9
0 0
19922
2 7
0 0
2281
0 8
0 0
2955
7 2
0 0
15568
4 0
0 0
31810
1 1
0 0
23220
8 2
0 0
6948
9 1
0 0
31644
2 4
0 0
21338
2 3
0 0
5399
2 1
0 0
27551
2 5
0 0
4734
3 5
0 0
18547
6 2
0 0
26755
4 0
0 0
21653
0 6
0 0
23201
4 7
0 0
21189
6 2
0 0
582
4 8
0 0
3326
5 8
0 0
30152
0 3
0 0
5293
7 1
0 0
16780
7 5
0 0
25745
0 5
0 0
20454
7 8
0 0
61
6 1
0 0
27801
1 8
0 0
30331
2 7
0 0
22271
7 9
0 0
17156
0 0
0 0
25156
5 6
0 0
16708
2 5
0 0
1341
8 7
0 0
1311
1 9
0 0
950
4 1
0 0
20477
9 5
0 0
6485
8 4
0 0
18304
5 2
0 0
21092
2 5
0 0
24749
2 2
0 0
6428
7 7
0 0
28028
2 5
0 0
32330
3 2
0 0
13309
1 2
0 0
31332
1 2
0 0
15771
9 3
0 0
24681
3 5
0 0
29219
8 9
0 0
3612
0 6
0 0
26011
8 6
0 0
7554
5 5
0 0
20748
7 5
0 0
2471
1 2
0 0
19909
4 0
0 0
27923
2 6
0 0
26572
4 9
0 0
19068
9 7
0 0
18291
7 1
0 0
16530
2 3
0 0
23369
2 1
0 0
12286
0 0
0 0
25313
0 1
0 0
18152
6 7
0 0
20518
9 5
0 0
10141
7 2
0 0
30772
6 3
0 0
2096
2 2
0 0
19949
6 0
0 0
18221
6 1
0 0
12232
2 5
0 0
5553
4 1
0 0
32641
1 0
0 0
4486
2 6
0 0
5565
7 4
0 0
2584
6 9
0 0
31938
6 7
0 0
16732
9 4
0 0
1219
9 8
0 0
22009
3 3
0 0
2432
5 2
0 0
13919
0 3
0 0
29733
2 5
0 0
5256
7 8
0 0
30117
0 9
0 0
24726
9 8
0 0
29971
8 1
0 0
25747
5 3
0 0
2717
9 4
0 0
17911
0 4
0 0
27444
5 2
0 0
451
4 1
0 0
12809
8 6
0 0
32331
4 1
0 0
19563
2 4
0 0
6675
0 4
0 0
16805
4 3
0 0
16705
9 8
0 0
29672
7 2
0 0
7055
0 1
0 0
6261
0 6
0 0
25296
2 9
0 0
21618
7 8
0 0
30289
0 6
0 0
31030
0 5
0 0
22993
2 1
0 0
5619
6 3
0 0
3769
0 0
0 0
19971
7 9
0 0
11483
3 0
0 0
27204
5 3
0 0
23532
5 2
0 0
16710
9 5
0 0
24929
1 9
0 0
9530
9 2
0 0
28302
7 4
0 0
22497
4 9
0 0
18698
2 3
0 0
25584
8 7
0 0
23491
7 9
0 0
30877
6 3
0 0
18768
3 9
0 0
20310
2 2
0 0
18530
6 2
0 0
3282
0 8
0 0
31068
1 9
0 0
17914
5 9
0 0
4219
5 1
0 0
9816
1 5
0 0
12832
5 2
0 0
30997
5 3
0 0
18188
9 1
0 0
22189
2 6
0 0
27828
3 7
0 0
18648
0 1
0 0
2558
5 5
0 0
9062
4 3
0 0
2805
4 6
0 0
27639
9 5
0 0
26213
9 6
0 0
17370
4 0
0 0
26204
9 6
0 0
11894
0 5
0 0
18680
4 5
0 0
5132
9 0
0 0
16667
1 4
0 0
21427
8 9
0 0
14030
4 0
0 0
26841
6 3
0 0
30077
4 4
0 0
26548
8 6
0 0
19034
0 0
0 0
12643
7 0
0 0
32639
7 2
0 0
2994
3 5
0 0
12457
2 3
0 0
4541
6 3
0 0
15530
4 8
0 0
2533
8 2
0 0
8922
9 8
0 0
25303
0 8
0 0
32306
7 7
0 0
15505
8 3
0 0
6109
1 8
0 0
17323
4 4
0 0
18772
0 1
0 0
5200
8 4
0 0
10863
6 3
0 0
10152
7 3
0 0
25068
3 9
0 0
18849
3 8
0 0
28500
9 4
0 0
3678
7 6
0 0
31573
0 1
0 0
1457
5 0
0 0
14295
1 5
0 0
20587
8 9
0 0
11140
2 7
0 0
3689
4 4
0 0
31871
7 8
0 0
11685
0 3
0 0
31847
8 3
0 0
16823
9 2
0 0
27666
4 9
0 0
2184
4 6
0 0
14203
3 5
0 0
27680
5 1
0 0
23247
2 4
0 0
31457
8 6
0 0
18348
3 3
0 0
18054
1 7
0 0
3558
9 2
0 0
12219
9 9
0 0
19824
8 9
0 0
10037
9 1
0 0
7995
0 2
0 0
11913
5 2
0 0
16678
3 4
0 0
12852
4 2
0 0
30044
9 5
0 0
917
5 0
0 0
16299
3 2
0 0
5321
3 3
0 0
3007
6 7
0 0
29096
6 2
0 0
23870
3 9
0 0
6221
5 6
0 0
1855
3 1
0 0
6394
5 1
0 0
6805
3 5
0 0
6194
5 2
0 0
21209
1 1
0 0
16219
8 3
0 0
22591
7 7
0 0
10065
5 4
0 0
16546
0 3
0 0
9634
7 2
0 0
25660
2 9
0 0
28792
2 7
0 0
27403
9 4
0 0
5718
0 9
0 0
32218
4 6
0 0
7731
7 8
0 0
21081
6 8
0 0
6555
2 0
0 0
27602
2 0
0 0
21977
3 1
0 0
29278
8 4
0 0
31326
5 6
0 0
163
7 5
0 0
4570
9 4
0 0
19580
8 0
0 0
2243
5 8
0 0
10541
2 1
0 0
26439
9 8
0 0
8668
2 2
0 0
17870
5 0
0 0
24976
5 4
0 0
673
5 1
0 0
23018
5 4
0 0
25681
1 2
0 0
11334
3 7
0 0
26598
2 9
0 0
20755
2 5
0 0
19221
8 9
0 0
26494
6 2
0 0
16857
3 0
0 0
3010
8 3
0 0
1099
2 4
0 0
7356
6 6
0 0
19601
7 2
0 0
2455
9 6
0 0
17972
0 8
0 0
9902
2 5
0 0
10053
1 9
0 0
13545
0 7
0 0
271
1 1
0 0
18767
4 0
0 0
6485
8 3
0 0
10879
0 3
0 0
7747
9 3
0 0
6210
7 4
0 0
5787
2 3
0 0
21897
9 8
0 0
23756
3 7
0 0
18280
5 9
0 0
3826
9 8
0 0
7140
2 3
0 0
30442
2 3
0 0
16835
1 0
0 0
21767
3 6
0 0
5775
6 5
0 0
32008
4 6
0 0
8846
4 8
0 0
10335
6 5
0 0
4711
4 3
0 0
4586
8 4
0 0
27804
7 4
0 0
11945
1 2
0 0
21802
3 6
0 0
29722
4 0
0 0
7152
3 9
0 0
26693
6 9
0 0
25258
6 3
0 0
148
7 5
0 0
28062
8 6
0 0
27667
4 0
0 0
15952
3 1
0 0
6831
7 2
0 0
31200
3 1
0 0
30336
7 4
0 0
25812
5 5
0 0
9550
8 8
0 0
31868
9 9
0 0
6094
3 1
0 0
31290
3 6
0 0
31048
4 1
0 0
26452
3 6
0 0
3491
6 8
0 0
26640
1 3
0 0
1300
4 9
0 0
6990
5 1
0 0
5077
8 5
0 0
26597
9 5
0 0
440
0 9
0 0
25446
7 4
0 0
14451
0 2
0 0
13836
3 3
0 0
26867
2 9
0 0
3600
4 7
0 0
32535
6 2
0 0
26770
2 5
0 0
6312
3 7
0 0
16594
2 1
0 0
24426
6 2
0 0
9852
6 2
0 0
20365
3 9
0 0
25122
8 5
0 0
27383
9 9
0 0
15173
8 9
0 0
28436
8 9
0 0
13693
9 4
0 0
9780
0 5
0 0
17047
5 4
0 0
11930
4 1
0 0
1480
2 7
0 0
24781
5 0
0 0
26695
6 0
0 0
11214
2 9
0 0
31210
8 6
0 0
6450
3 4
0 0
30870
1 6
0 0
1123
3 2
0 0
28585
9 7
0 0
14180
9 2
0 0
15526
0 7
0 0
25848
8 4
0 0
30917
0 0
0 0
11004
1 1
0 0
24378
0 4
0 0
14662
2 0
0 0
22098
4 8
0 0
14460
3 5
0 0
21938
6 5
0 0
27020
0 3
0 0
3674
8 0
0 0
473
9 8
0 0
2373
8 8
0 0
20791
1 7
0 0
30643
4 3
0 0
5703
2 5
0 0
15488
3 8
0 0
23254
4 3
0 0
22557
4 7
0 0
5447
8 2
0 0
26878
2 5
0 0
27964
6 6
0 0
28831
9 9
0 0
12526
2 3
0 0
4457
2 1
0 0
5622
4 3
0 0
5154
1 3
0 0
7031
2 3
0 0
17328
2 0
0 0
7407
5 7
0 0
9294
8 8
0 0
11276
9 1
0 0
18313
7 8
0 0
28000
4 6
0 0
4260
0 7
0 0
18128
0 3
0 0
13609
0 1
0 0
32765
4 5
0 0
13276
0 5
0 0
21551
9 1
0 0
28738
3 7
0 0
12894
7 2
0 0
11136
1 0
0 0
21353
8 3
0 0
17213
1 0
0 0
14251
8 7
0 0
1480
7 6
0 0
21596
4 7
0 0
5817
4 3
0 0
3723
2 9
0 0
25016
1 7
0 0
25746
5 6
0 0
323
8 6
0 0
10318
4 5
0 0
23928
4 9
0 0
15242
7 5
0 0
11094
8 1
0 0
11608
8 9
0 0
28403
7 3
0 0
12874
3 2
0 0
17301
1 6
0 0
2768
0 8
0 0
690
9 7
0 0
21028
1 5
0 0
32582
0 0
0 0
13705
0 6
0 0
31994
2 1
0 0
1736
8 2
0 0
25362
5 2
0 0
20016
9 7
0 0
31011
6 5
0 0
16266
1 9
0 0
20474
2 0
0 0
4790
5 5
0 0
25403
8 3
0 0
3060
4 1
0 0
4253
3 7
0 0
18688
4 1
0 0
18395
5 1
0 0
32654
3 8
0 0
25256
6 9
0 0
3789
0 5
0 0
30279
9 0
0 0
26860
2 4
0 0
14492
6 0
0 0
15079
6 5
0 0
20684
0 4
0 0
10233
2 7
0 0
12231
9 9
0 0
15245
8 4
0 0
26454
8 9
0 0
12162
1 5
0 0
30332
8 9
0 0
7710
2 5
0 0
14416
1 0
0 0
32262
0 3
0 0
7829
6 4
0 0
11274
0 1
0 0
13248
2 1
0 0
6587
4 6
0 0
6187
7 5
0 0
18678
5 0
0 0
23714
1 7
0 0
23523
5 4
0 0
20627
0 2
0 0
32301
8 9
0 0
9347
6 1
0 0
5968
2 0
0 0
12699
6 5
0 0
24398
1 2
0 0
23905
8 4
0 0
26165
8 2
0 0
32005
7 8
0 0
13363
2 9
0 0
24002
3 7
0 0
11055
4 0
0 0
16451
5 4
0 0
5151
1 2
0 0
13075
6 0
0 0
4499
2 3
0 0
23668
9 8
0 0
24108
4 1
0 0
32322
9 0
0 0
6393
6 5
0 0
24223
9 2
0 0
15090
1 1
0 0
22174
0 5
0 0
30728
1 6
0 0
9262
5 3
0 0
4987
0 0
0 0
20205
1 9
0 0
25219
1 3
0 0
1965
6 5
0 0
10599
7 0
0 0
30926
8 3
0 0
32403
8 9
0 0
4547
1 0
0 0
15450
1 3
0 0
593
5 9
0 0
5463
5 9
0 0
27248
6 9
0 0
26798
8 6
0 0
18900
0 2
0 0
19113
1 5
0 0
1672
9 1
0 0
11093
4 6
0 0
1056
2 8
0 0
26673
8 0
0 0
19823
8 3
0 0
14095
9 4
0 0
20676
0 9
0 0
1967
0 9
0 0
13078
4 8
0 0
1741
6 0
0 0
22704
3 2
0 0
10373
7 5
0 0
565
1 2
0 0
22884
7 8
0 0
21268
6 2
0 0
31875
5 2
0 0
21193
5 8
0 0
629
0 4
0 0
3194
4 3
0 0
30710
7 0
0 0
26832
9 6
0 0
15515
2 8
0 0
19490
2 9
0 0
28914
6 0
0 0
30531
5 9
0 0
26838
2 2
0 0
13213
3 5
0 0
23007
1 0
0 0
852
0 1
0 0
26423
4 1
0 0
29868
0 7
0 0
25409
9 6
0 0
25577
5 2
0 0
29900
9 0
0 0
31066
2 3
0 0
4300
3 7
0 0
6488
2 2
0 0
15054
6 0
0 0
23127
2 3
0 0
3495
4 1
0 0
31075
5 2
0 0
31496
3 9
0 0
16279
2 0
0 0
19455
1 3
0 0
27510
0 7
0 0
1418
9 2
0 0
1835
9 3
0 0
15311
1 5
0 0
12574
8 0
0 0
25487
0 6
0 0
20063
9 3
0 0
9453
9 5
0 0
30413
0 3
0 0
25515
4 4
0 0
14612
3 5
0 0
28760
1 9
0 0
10444
1 8
0 0
29496
2 7
0 0
4958
9 1
0 0
27840
7 1
0 0
18560
7 3
0 0
28929
1 2
0 0
10593
9 3
0 0
23126
9 4
0 0
15840
1 2
0 0
25903
1 1
0 0
29031
3 9
0 0
18902
0 8
0 0
24886
0 2
0 0
19060
4 0
0 0
25670
1 0
0 0
6865
0 7
0 0
14613
6 8
0 0
21622
2 7
0 0
8176
2 0
0 0
9534
7 9
0 0
10394
5 7
0 0
24446
3 0
0 0
12379
5 6
0 0
23107
1 2
0 0
2534
8 5
0 0
30049
1 5
0 0
6803
5 0
0 0
26688
2 6
0 0
28890
1 7
0 0
5038
1 8
0 0
1564
5 7
0 0
11805
4 6
0 0
4628
5 4
0 0
7960
3 1
0 0
8333
4 3
0 0
2516
3 5
0 0
2602
3 6
0 0
12325
4 1
0 0
5993
9 0
0 0
20032
2 3
0 0
294
0 7
0 0
9495
2 8
0 0
17472
2 2
0 0
27688
6 0
0 0
26177
7 4
0 0
9498
9 1
0 0
26374
6 0
0 0
6790
3 1
0 0
16354
1 9
0 0
175
9 6
0 0
2739
8 4
0 0
2588
2 2
0 0
19417
8 3
0 0
6999
1 5
0 0
28699
8 5
0 0
28729
6 0
0 0
27607
8 7
0 0
19076
3 3
0 0
6927
9 4
0 0
29895
3 2
0 0
6705
3 1
0 0
21948
0 5
0 0
23987
7 5
0 0
20376
0 7
0 0
25301
5 0
0 0
1038
4 1
0 0
32289
9 1
0 0
8433
1 3
0 0
7308
0 7
0 0
25273
9 8
0 0
21055
4 3
0 0
20823
7 2
0 0
24177
4 8
0 0
12570
5 8
0 0
28125
0 1
0 0
1177
9 8
0 0
28081
6 2
0 0
7639
4 3
0 0
16146
6 5
0 0
27678
1 1
0 0
8068
0 3
0 0
16713
3 2
0 0
13527
5 2
0 0
1135
6 9
0 0
27499
5 7
0 0
302
3 1
0 0
19428
3 3
0 0
2567
1 5
0 0
10666
1 5
0 0
18830
4 0
0 0
7626
1 6
0 0
12633
1 2
0 0
14856
5 0
0 0
18157
6 6
0 0
20049
2 3
0 0
28194
0 0
0 0
3782
0 5
0 0
3507
3 4
0 0
29459
1 1
0 0
22001
4 5
0 0
22492
2 8
0 0
23256
2 2
0 0
20825
4 0
0 0
27123
0 4
0 0
19066
3 4
0 0
22994
6 6
0 0
3637
2 0
0 0
21507
0 8
0 0
16574
8 5
0 0
7107
7 2
0 0
11488
3 0
0 0
25328
9 7
0 0
11698
6 5
0 0
11230
4 1
0 0
30549
8 0
0 0
21009
4 3
0 0
8584
3 4
0 0
27930
9 6
0 0
11565
5 0
0 0
10246
3 4
0 0
23064
8 5
0 0
11546
0 1
0 0
5309
4 9
0 0
14544
3 6
0 0
7065
1 5
0 0
6234
3 6
0 0
19053
5 4
0 0
5907
5 1
0 0
19870
3 6
0 0
31646
4 2
0 0
27227
2 9
0 0
170
5 6
0 0
6228
8 0
0 0
32407
7 9
0 0
28720
2 0
0 0
4715
2 4
0 0
32250
2 1
0 0
17367
9 2
0 0
26944
2 4
0 0
20284
6 0
0 0
11424
7 1
0 0
6646
3 5
0 0
21736
3 9
0 0
18006
8 1
0 0
1059
9 0
0 0
10757
2 2
0 0
20260
4 6
0 0
25815
6 8
0 0
3176
0 7
0 0
20275
1 8
0 0
24943
9 1
0 0
16014
9 4
0 0
22487
9 4
0 0
957
7 0
0 0
5599
8 9
0 0
23042
6 2
0 0
3611
7 9
0 0
3866
6 0
0 0
10368
6 2
0 0
19395
1 0
0 0
6935
1 6
0 0
24935
5 7
0 0
29424
2 1
0 0
11509
1 4
0 0
15915
2 9
0 0
18448
2 3
0 0
28219
2 2
0 0
14617
1 8
0 0
30120
1 0
0 0
26559
6 6
0 0
26360
4 7
0 0
7965
4 7
0 0
655
9 7
0 0
10121
8 0
0 0
16291
2 4
0 0
20902
9 6
0 0
145
1 3
0 0
31063
5 0
0 0
23869
5 2
0 0
25244
5 9
0 0
20035
6 7
0 0
11153
1 1
0 0
6689
9 4
0 0
13815
6 5
0 0
16801
8 5
0 0
12305
3 1
0 0
23337
2 8
0 0
6088
2 9
0 0
25797
2 7
0 0
1094
9 1
0 0
8961
0 3
0 0
394
6 1
0 0
14056
0 5
0 0
9895
2 3
0 0
16330
4 1
0 0
6825
7 4
0 0
11673
2 8
0 0
17754
6 1
0 0
28402
8 4
0 0
16467
3 6
0 0
29243
7 1
0 0
4644
3 6
0 0
4946
6 3
0 0
8318
5 0
0 0
6084
7 3
0 0
26516
5 0
0 0
22921
6 3
0 0
13369
5 1
0 0
17587
6 3
0 0
11114
9 2
0 0
26263
1 3
0 0
9527
5 1
0 0
3410
0 1
0 0
6733
5 7
0 0
27836
3 0
0 0
27288
7 2
0 0
31277
2 7
0 0
26797
0 3
0 0
17043
1 6
0 0
10490
4 3
0 0
30417
8 9
0 0
25845
8 0
0 0
22633
9 3
0 0
8639
1 7
0 0
9417
4 8
0 0
1781
9 1
0 0
10210
7 4
0 0
15776
7 1
0 0
20181
7 7
0 0
6285
1 8
0 0
31183
3 2
0 0
32370
9 5
0 0
30829
6 9
0 0
25502
9 0
0 0
7753
8 0
0 0
25655
8 6
0 0
17781
7 7
0 0
4397
6 5
0 0
29457
1 4
0 0
4455
9 1
0 0
13889
4 8
0 0
9688
3 5
0 0
21547
9 9
0 0
14975
1 8
0 0
29643
6 3
0 0
18302
3 0
0 0
21176
8 7
0 0
11467
4 4
0 0
10290
1 5
0 0
14377
2 2
0 0
19988
9 9
0 0
30831
9 8
0 0
8054
1 8
0 0
12863
9 0
0 0
19248
0 0
0 0
2492
2 7
0 0
11378
5 8
0 0
4585
8 9
0 0
9776
5 6
0 0
15792
7 3
0 0
3609
1 3
0 0
30658
8 8
0 0
31304
0 2
0 0
15821
6 4
0 0
20725
4 4
0 0
20675
3 0
0 0
23506
0 2
0 0
12063
6 1
0 0
26844
9 1
0 0
28526
5 7
0 0
16564
5 9
0 0
136
0 4
0 0
32499
6 9
0 0
8761
9 0
0 0
13041
4 8
0 0
25678
8 9
0 0
12264
4 8
0 0
29500
4 5
0 0
10636
9 3
0 0
16614
2 1
0 0
13930
7 4
0 0
32030
3 9
0 0
9124
1 3
0 0
9473
6 8
0 0
15852
7 8
0 0
316
2 0
0 0
25037
4 6
0 0
2775
0 6
0 0
22939
1 4
0 0
11035
4 1
0 0
22955
9 7
0 0
30386
3 7
0 0
23452
1 9
0 0
11536
7 9
0 0
16341
3 8
0 0
15550
2 4
0 0
2186
8 5
0 0
8749
9 6
0 0
17384
7 8
0 0
31247
3 7
0 0
25391
4 8
0 0
24942
2 7
0 0
23273
2 0
0 0
3315
3 6
0 0
3201
9 0
0 0
11812
4 6
0 0
13280
2 2
0 0
6266
4 8
0 0
29663
9 4
0 0
29088
8 1
0 0
12977
5 3
0 0
24386
4 2
0 0
21388
5 2
0 0
27171
2 2
0 0
3388
6 0
0 0
390
4 4
0 0
13675
7 9
0 0
31493
9 2
0 0
26296
5 7
0 0
27241
4 6
0 0
31740
2 3
0 0
2596
5 8
0 0
1356
0 9
0 0
30846
4 6
0 0
11158
2 3
0 0
5776
9 8
0 0
32239
8 5
0 0
11675
3 7
0 0
28646
2 9
0 0
29811
0 8
0 0
29313
4 6
0 0
29152
2 2
0 0
6568
6 2
0 0
23109
0 7
0 0
15913
0 6
0 0
13826
0 8
0 0
4259
8 2
0 0
11057
9 2
0 0
11248
4 1
0 0
219
0 4
0 0
30186
7 7
0 0
10945
5 9
0 0
5022
1 5
0 0
13366
9 3
0 0
29264
5 4
0 0
1489
3 3
0 0
30932
8 7
0 0
5335
4 7
0 0
27947
3 5
0 0
23729
9 0
0 0
2154
2 6
0 0
25033
7 9
0 0
10061
0 5
0 0
15003
3 5
0 0
4107
4 8
0 0
1772
2 5
0 0
30272
1 0
0 0
9816
2 3
0 0
19469
0 4
0 0
14014
0 0
0 0
7104
8 5
0 0
