6.6743e-11 100 100
20257
4 0
0 0
4583
7 5
0 0
8532
1 0
0 0
1627
5 4
0 0
11110
6 8
0 0
32387
1 2
0 0
23955
7 4
0 0
724
5 6
0 0
26626
3 8
0 0
20100
6 8
0 0
2906
5 8
0 0
22467
9 5
0 0
21854
5 9
0 0
8153
1 5
0 0
9318
4 9
0 0
22108
5 8
0 0
25279
9 8
0 0
514
9 8
0 0
18267
9 4
0 0
9917
1 5
0 0
7012
6 6
0 0
5145
2 7
0 0
7293
4 0
0 0
30751
7 5
0 0
8675
1 1
0 0
21025
0 2
0 0
16042
3 0
0 0
15936
7 5
0 0
17860
4 9
0 0
7565
3 8
0 0
25755
5 5
0 0
10255
7 7
0 0
3934
4 7
0 0
19731
1 1
0 0
18011
0 6
0 0
15256
5 4
0 0
24050
2 3
0 0
20402
2 4
0 0
31495
2 3
0 0
17202
7 5
0 0
29701
2 3
0 0
12033
1 2
0 0
19143
3 3
0 0
30695
2 5
0 0
3586
1 2
0 0
31930
4 8
0 0
12556
1 8
0 0
5412
5 9
0 0
24335
0 9
0 0
30598
3 5
0 0
2826
2 1
0 0
16801
4 6
0 0
4142
5 8
0 0
29449
3 6
0 0
11896
4 1
0 0
31122
3 9
0 0
7576
3 9
0 0
20272
4 5
0 0
25734
2 1
0 0
26126
6 0
0 0
11862
7 9
0 0
2746
3 0
0 0
1311
6 7
0 0
19902
2 5
0 0
16928
9 4
0 0
15620
3 5
0 0
11872
2 2
0 0
2762
8 4
0 0
20857
3 0
0 0
793
2 1
0 0
21591
6 8
0 0
12800
5 3
0 0
15370
1 1
0 0
11257
8 2
0 0
9472
7 6
0 0
22342
3 1
0 0
8511
1 2
0 0
12328
4 3
0 0
31868
6 3
0 0
6977
0 5
0 0
32544
1 1
0 0
16506
5 0
0 0
26003
8 8
0 0
28230
5 3
0 0
13169
3 5
0 0
30749
5 0
0 0
25196
3 9
0 0
13440
8 8
0 0
15116
9 5
0 0
32231
6 5
0 0
31115
7 6
0 0
14178
0 9
0 0
19325
6 9
0 0
8417
4 2
0 0
17162
6 4
0 0
4175
7 8
0 0
8926
8 0
0 0
15378
9 6
0 0
29211
5 4
0 0
30856
0 6
0 0
